0.000000000000000000e+00 1.703199999999999825e+00
1.052631578947368363e-01 1.924399999999999888e+00
2.105263157894736725e-01 2.352400000000000269e+00
3.157894736842105088e-01 2.250799999999999912e+00
4.210526315789473450e-01 1.272800000000000153e+00
5.263157894736841813e-01 -3.308000000000000940e-01
6.315789473684210176e-01 -1.776399999999999757e+00
7.368421052631578538e-01 -2.411599999999999966e+00
8.421052631578946901e-01 -2.190399999999999903e+00
9.473684210526315264e-01 -1.736000000000000210e+00
1.052631578947368363e+00 -1.732399999999999718e+00
1.157894736842105310e+00 -2.124800000000000022e+00
1.263157894736842035e+00 -2.381199999999999761e+00
1.368421052631578760e+00 -1.891199999999999992e+00
1.473684210526315708e+00 -4.259999999999999343e-01
1.578947368421052655e+00 1.180800000000000072e+00
1.684210526315789380e+00 2.197600000000000442e+00
1.789473684210526327e+00 2.395599999999999952e+00
1.894736842105263053e+00 2.023999999999999577e+00
2.000000000000000000e+00 1.703199999999999825e+00
