0.000000000000000000e+00 2.000000000000000000e+00
2.020202020202020374e-02 2.024000000000000021e+00
4.040404040404040747e-02 2.060000000000000053e+00
6.060606060606061468e-02 2.110000000000000320e+00
8.080808080808081495e-02 2.130000000000000338e+00
1.010101010101010083e-01 2.233999999999999986e+00
1.212121212121212294e-01 2.366000000000000103e+00
1.414141414141414366e-01 2.519999999999999574e+00
1.616161616161616299e-01 2.551999999999999602e+00
1.818181818181818232e-01 2.667999999999999705e+00
2.020202020202020166e-01 2.727999999999999758e+00
2.222222222222222099e-01 2.821999999999999620e+00
2.424242424242424587e-01 2.778000000000000469e+00
2.626262626262626521e-01 2.830000000000000071e+00
2.828282828282828731e-01 2.762000000000000011e+00
3.030303030303030387e-01 2.714000000000000412e+00
3.232323232323232598e-01 2.597999999999999865e+00
3.434343434343434254e-01 2.402000000000000135e+00
3.636363636363636465e-01 2.149999999999999467e+00
3.838383838383838675e-01 1.991999999999999993e+00
4.040404040404040331e-01 1.695999999999999952e+00
4.242424242424242542e-01 1.383999999999999897e+00
4.444444444444444198e-01 1.077999999999999847e+00
4.646464646464646409e-01 6.260000000000000009e-01
4.848484848484849175e-01 2.580000000000000071e-01
5.050505050505050830e-01 -9.600000000000008527e-02
5.252525252525253041e-01 -5.500000000000000444e-01
5.454545454545455252e-01 -8.199999999999998401e-01
5.656565656565657463e-01 -1.312000000000000055e+00
5.858585858585858563e-01 -1.626000000000000112e+00
6.060606060606060774e-01 -1.834000000000000075e+00
6.262626262626262985e-01 -2.009999999999999787e+00
6.464646464646465196e-01 -2.229999999999999982e+00
6.666666666666667407e-01 -2.516000000000000014e+00
6.868686868686868507e-01 -2.743999999999999773e+00
7.070707070707071829e-01 -2.764000000000000234e+00
7.272727272727272929e-01 -2.830000000000000071e+00
7.474747474747475140e-01 -2.791999999999999815e+00
7.676767676767677351e-01 -2.801999999999999602e+00
7.878787878787879562e-01 -2.756000000000000227e+00
8.080808080808080662e-01 -2.709999999999999964e+00
8.282828282828283983e-01 -2.573999999999999844e+00
8.484848484848485084e-01 -2.485999999999999766e+00
8.686868686868687295e-01 -2.374000000000000110e+00
8.888888888888888395e-01 -2.339999999999999858e+00
9.090909090909091717e-01 -2.275999999999999801e+00
9.292929292929292817e-01 -2.132000000000000117e+00
9.494949494949495028e-01 -2.076000000000000512e+00
9.696969696969698349e-01 -2.040000000000000036e+00
9.898989898989899450e-01 -2.006000000000000227e+00
1.010101010101010166e+00 -1.995999999999999774e+00
1.030303030303030276e+00 -2.006000000000000227e+00
1.050505050505050608e+00 -2.092000000000000082e+00
1.070707070707070718e+00 -2.155999999999999694e+00
1.090909090909091050e+00 -2.206000000000000405e+00
1.111111111111111160e+00 -2.317999999999999616e+00
1.131313131313131493e+00 -2.367999999999999883e+00
1.151515151515151603e+00 -2.451999999999999957e+00
1.171717171717171713e+00 -2.658000000000000362e+00
1.191919191919191823e+00 -2.760000000000000231e+00
1.212121212121212155e+00 -2.766000000000000014e+00
1.232323232323232265e+00 -2.820000000000000284e+00
1.252525252525252597e+00 -2.822000000000000064e+00
1.272727272727272707e+00 -2.815999999999999837e+00
1.292929292929293039e+00 -2.738000000000000433e+00
1.313131313131313149e+00 -2.644000000000000128e+00
1.333333333333333481e+00 -2.522000000000000242e+00
1.353535353535353591e+00 -2.354000000000000092e+00
1.373737373737373701e+00 -2.117999999999999883e+00
1.393939393939393812e+00 -1.798000000000000043e+00
1.414141414141414366e+00 -1.487999999999999989e+00
1.434343434343434476e+00 -1.153999999999999915e+00
1.454545454545454586e+00 -8.659999999999998810e-01
1.474747474747474696e+00 -4.500000000000000666e-01
1.494949494949495028e+00 -1.680000000000001770e-01
1.515151515151515138e+00 2.020000000000000406e-01
1.535353535353535470e+00 7.420000000000001039e-01
1.555555555555555580e+00 9.699999999999999734e-01
1.575757575757575912e+00 1.405999999999999917e+00
1.595959595959596022e+00 1.680000000000000160e+00
1.616161616161616132e+00 1.927999999999999492e+00
1.636363636363636465e+00 2.261999999999999567e+00
1.656565656565656797e+00 2.467999999999999972e+00
1.676767676767676907e+00 2.676000000000000156e+00
1.696969696969697017e+00 2.677999999999999936e+00
1.717171717171717349e+00 2.727999999999999758e+00
1.737373737373737459e+00 2.860000000000000320e+00
1.757575757575757569e+00 2.862000000000000099e+00
1.777777777777777679e+00 2.783999999999999808e+00
1.797979797979798233e+00 2.709999999999999964e+00
1.818181818181818343e+00 2.727999999999999758e+00
1.838383838383838453e+00 2.559999999999999609e+00
1.858585858585858563e+00 2.435999999999999943e+00
1.878787878787878896e+00 2.393999999999999684e+00
1.898989898989899006e+00 2.204000000000000181e+00
1.919191919191919116e+00 2.167999999999999705e+00
1.939393939393939670e+00 2.120000000000000107e+00
1.959595959595959780e+00 2.046000000000000263e+00
1.979797979797979890e+00 2.016000000000000014e+00
2.000000000000000000e+00 2.000000000000000000e+00
