0.000000000000000000e+00 1.703999999999999737e+00
5.555555555555555247e-02 1.791999999999999815e+00
1.111111111111111049e-01 2.003999999999999559e+00
1.666666666666666574e-01 2.314000000000000057e+00
2.222222222222222099e-01 2.384000000000000341e+00
2.777777777777777901e-01 2.322000000000000064e+00
3.333333333333333148e-01 2.217999999999999972e+00
3.888888888888888951e-01 1.571999999999999842e+00
4.444444444444444198e-01 9.280000000000000471e-01
5.000000000000000000e-01 -6.999999999999997891e-02
