0.000000000000000000e+00 1.500000000000000000e+00
5.555555555555555247e-02 1.839999999999999414e+00
1.111111111111111049e-01 2.199999999999999734e+00
1.666666666666666574e-01 2.400000000000000355e+00
2.222222222222222099e-01 2.200000000000000178e+00
2.777777777777777901e-01 2.160000000000000142e+00
3.333333333333333148e-01 2.019999999999999574e+00
3.888888888888888951e-01 1.880000000000000115e+00
4.444444444444444198e-01 7.000000000000001776e-01
5.000000000000000000e-01 -9.999999999999989453e-02
