0.000000000000000000e+00 1.737999999999999989e+00
5.555555555555555247e-02 1.717999999999999972e+00
1.111111111111111049e-01 1.968999999999999861e+00
1.666666666666666574e-01 2.186999999999999833e+00
2.222222222222222099e-01 2.395999999999999908e+00
2.777777777777777901e-01 2.452999999999999847e+00
3.333333333333333148e-01 2.150000000000000355e+00
3.888888888888888951e-01 1.702999999999999847e+00
4.444444444444444198e-01 9.059999999999998055e-01
5.000000000000000000e-01 -1.000000000000084155e-03
