0.000000000000000000e+00 1.735999999999999766e+00
5.555555555555555247e-02 1.815999999999999615e+00
1.111111111111111049e-01 2.003999999999999559e+00
1.666666666666666574e-01 2.195999999999999730e+00
2.222222222222222099e-01 2.436000000000000387e+00
2.777777777777777901e-01 2.440000000000000391e+00
3.333333333333333148e-01 2.203999999999999737e+00
3.888888888888888951e-01 1.599999999999999867e+00
4.444444444444444198e-01 9.240000000000001545e-01
5.000000000000000000e-01 1.320000000000000340e-01
